088
526 059 0
488 065 0
333 067 0
430 068 0
233 070 0
275 082 0
389 083 0
608 088 1
315 096 0
422 098 0
470 099 0
355 100 0
232 104 0
523 106 0
683 113 1
378 118 0
276 122 0
473 123 0
426 125 0
582 132 1
314 134 0
379 144 0
123 145 5
439 153 0
501 157 0
237 162 0
347 164 0
290 168 0
470 170 0
402 171 0
563 172 1
262 177 0
681 179 1
322 183 0
371 186 0
434 190 0
147 196 0
474 209 0
179 215 0
124 216 0
647 224 1
219 232 0
160 238 0
262 243 0
314 245 0
357 251 0
118 254 0
200 255 0
395 256 0
242 261 0
293 268 0
449 275 0
150 277 0
354 278 0
205 284 0
257 292 0
386 295 0
307 296 0
123 297 0
176 303 0
333 304 0
496 305 0
232 315 0
149 319 0
440 320 0
090 321 0
286 328 0
364 330 0
628 331 6
191 332 0
140 350 0
201 359 0
467 361 0
403 362 0
602 369 6
431 386 0
345 401 3
260 405 3
637 406 6
098 427 4
134 430 4
595 460 2
091 463 4
154 464 4
099 491 4
132 492 4
376 510 3
255 520 3